3
44
4
5
4
5
45
5
11
38
39
61
34
47
34
2
4
3
42
3
3
4
43
36
35
36
2
20
13
46
4
4
42
16
3
41
5
5
46
5
3
51
4
6
4
225
11
45
45
4
2
5
44
3
4
4
44
4
43
16
12
4
2
38
4
4
45
4
41
32
3
5
4
45
20
4
2
4
8
11
32
33
5
43
36
13
5
4
5
11
9
40
3
5
3
3
4
3
4
43
9
33
4
43
10
4
13
10
2
2
40
4
39
19
36
4
4
10
39
17
7
6
2
12
6
4
43
12
34
4
41
4
44
4
3
2
41
4
42
16
2
5
9
4
2
3
7
4
2
4
3
4
17
4
43
3
41
4
44
5
4
47
4
4
44
4
4
3
34
3
49
7
3
48
2
4
45
7
9
4
5
3
45
4
44
3
7
34
4
4
4
36
2
4
4
49
4
3
4
46
6
5
4
4
10
4
37
43
4
6
56
3
39
4
37
42
2
32
34
11
3
15
53
17
3
7
3
5
34
5
4
5
10
3
3
12
42
4
4
4
4
4
5
48
32
4
13
60
6
6
33
5
42
6
37
2
4
65
13
4
50
6
46
6
3
3
4
5
50
4
39
2
3
4
43
18
3
6
61
39
3
46
59
3
4
5
35
31
5
5
40
8
9
3
4
10
4
5
4
18
37
44
4
5
5
7
34
4
4
4
3
42
2
36
4
347
4
44
43
4
3
54
42
4
59
5
15
44
2
32
36
2
4
43
4
4
76
44
41
4
4
45
4
4
4
2
5
13
4
3
41
5
51
2
5
46
44
46
4
6
5
41
43
4
41
7
14
2
2
3
2
4
9
3
14
33
3
4
6
5
7
44
33
5
13
13
4
60
35
44
45
5
35
43
37
4
3
33
41
2
44
4
43
5
37
39
4
44
44
44
9
4
6
2
4
43
4
43
5
4
2
6
38
4
53
16
3
3
39
45
4
33
3
43
48
6
35
60
43
4
43
32
4
40
4
11
4
15
20
3
41
4
19
4
4
6
34
5
4
4
19
14
41
4
12
15
2
3
38
62
42
33
2
4
3
11
3
19
4
16
2
4
44
43
41
4
1
33
4
33
41
49
6
2
4
2
2
5
5
3
34
5
7
37
33
54
3
3
4
39
44
41
2
43
44
35
4
4
33
2
10
4
6
5
2
4
4
4
37
42
4
40
3
4
2
4
46
59
147
41
52
4
2
4
2
40
47
3
4
59
5
37
2
43
2
43
33
3
42
4
3
7
53
2
7
40
5
11
4
4
4
18
41
48
2
4
5
46
4
10
4
39
40
43
4
10
6
36
4
47
6
4
11
43
4
59
7
46
3
3
40
4
37
4
4
38
43
3
36
41
31
50
325
36
3
43
47
193
4
12
8
13
37
14
4
3
4
5
14
3
12
4
2
11
16
47
4
4
46
3
4
4
60
4
43
60
37
5
2
3
4
42
5
7
41
3
4
3
2
39
5
19
4
7
3
4
4
46
3
44
34
42
44
13
9
6
3
5
45
16
5
2
3
40
5
2
41
43
44
6
4
4
2
42
4
19
3
13
4
4
39
43
41
34
34
11
47
3
38
3
3
7
13
61
5
34
4
34
4
2
4
49
44
53
47
2
5
44
42
42
5
11
4
4
3
7
13
11
40
5
42
5
3
5
6
6
11
38
2
39
43
31
13
5
2
36
