1586908800000000000
1593388800000000000
1600387200000000000
1597622400000000000
1609113600000000000
1586131200000000000
1585612800000000000
1608076800000000000
1598572800000000000
1588204800000000000
1607299200000000000
1602028800000000000
1588896000000000000
1586822400000000000
1584316800000000000
1603843200000000000
1581984000000000000
1582588800000000000
1591833600000000000
1583452800000000000
1594598400000000000
1610668800000000000
1605571200000000000
1600041600000000000
1581033600000000000
1600300800000000000
1607472000000000000
1586304000000000000
1587340800000000000
1591660800000000000
1592524800000000000
1602201600000000000
1594857600000000000
1582848000000000000
1592784000000000000
1587686400000000000
1580947200000000000
1591747200000000000
1591142400000000000
1585699200000000000
1584921600000000000
1598832000000000000
1595980800000000000
1582675200000000000
1605830400000000000
1606435200000000000
1608595200000000000
1596412800000000000
1597190400000000000
1590624000000000000
1611187200000000000
1589328000000000000
1587081600000000000
1593475200000000000
1608249600000000000
1611792000000000000
1594598400000000000
1599696000000000000
1605484800000000000
1598400000000000000
1592870400000000000
1588032000000000000
1610409600000000000
1581292800000000000
1596672000000000000
1583280000000000000
1596672000000000000
1581552000000000000
1582675200000000000
1582588800000000000
1583193600000000000
1607558400000000000
1599091200000000000
1601510400000000000
1583366400000000000
1585180800000000000
1592179200000000000
1607558400000000000
1604275200000000000
1603929600000000000
1597190400000000000
1585267200000000000
1594944000000000000
1610409600000000000
1592956800000000000
1609891200000000000
1592956800000000000
1594684800000000000
1585267200000000000
1604016000000000000
1611878400000000000
1609372800000000000
1594598400000000000
1590019200000000000
1599609600000000000
1604275200000000000
1597968000000000000
1605052800000000000
1603756800000000000
1586995200000000000
1601337600000000000
1583107200000000000
1598313600000000000
1599609600000000000
1607040000000000000
1591056000000000000
1608595200000000000
1606176000000000000
1592265600000000000
1604880000000000000
1606953600000000000
1603152000000000000
1610582400000000000
1604534400000000000
1584662400000000000
1591315200000000000
1586390400000000000
1582243200000000000
1591747200000000000
1593129600000000000
1602115200000000000
1596067200000000000
1589500800000000000
1587081600000000000
1607040000000000000
1592179200000000000
1606435200000000000
1600646400000000000
1583971200000000000
1592352000000000000
1582156800000000000
1605139200000000000
1603324800000000000
1590969600000000000
1607558400000000000
1603238400000000000
1583107200000000000
1605744000000000000
1604966400000000000
1595894400000000000
1596585600000000000
1600646400000000000
1592265600000000000
1594771200000000000
1603065600000000000
1605657600000000000
1611532800000000000
1589932800000000000
1598400000000000000
1584316800000000000
1600387200000000000
1585094400000000000
1611100800000000000
1584489600000000000
1608768000000000000
1603238400000000000
1605052800000000000
1583971200000000000
1610409600000000000
1595203200000000000
1586736000000000000
1591056000000000000
1607040000000000000
1606953600000000000
1606694400000000000
1605225600000000000
1610668800000000000
1598486400000000000
1611100800000000000
1603411200000000000
1607299200000000000
1591920000000000000
1582848000000000000
1608076800000000000
1597622400000000000
1594857600000000000
1593993600000000000
1590969600000000000
1600905600000000000
1600300800000000000
1601596800000000000
1597708800000000000
1598918400000000000
1592870400000000000
1597881600000000000
1596067200000000000
1599004800000000000
1589241600000000000
1597276800000000000
1607644800000000000
1598227200000000000
1588896000000000000
1604275200000000000
1611273600000000000
1606867200000000000
1605484800000000000
1593043200000000000
1581638400000000000
1588291200000000000
1591228800000000000
1609718400000000000
1580688000000000000
1591574400000000000
1605571200000000000
1582761600000000000
1589328000000000000
1585612800000000000
1582848000000000000
1597104000000000000
1585699200000000000
1610668800000000000
1600214400000000000
1610064000000000000
1585008000000000000
1608595200000000000
1593129600000000000
1600992000000000000
1591142400000000000
1592438400000000000
1583884800000000000
1609200000000000000
1600041600000000000
1588291200000000000
1586390400000000000
1601856000000000000
1600905600000000000
1595894400000000000
1586304000000000000
1587427200000000000
1599091200000000000
1602806400000000000
1590019200000000000
1590537600000000000
1611532800000000000
1590451200000000000
1595289600000000000
1581292800000000000
1581033600000000000
1598486400000000000
1602460800000000000
1611187200000000000
1609977600000000000
1587600000000000000
1605139200000000000
1590969600000000000
1594080000000000000
1590451200000000000
1606089600000000000
1588809600000000000
1588636800000000000
1597968000000000000
1604620800000000000
1597276800000000000
1595980800000000000
1596412800000000000
1586908800000000000
1611532800000000000
1599177600000000000
1583366400000000000
1584576000000000000
1594684800000000000
1607299200000000000
1606262400000000000
1608508800000000000
1604966400000000000
1611878400000000000
1600214400000000000
1609977600000000000
1608163200000000000
1602201600000000000
1610323200000000000
1581465600000000000
1595548800000000000
1600992000000000000
1588723200000000000
1580774400000000000
1596758400000000000
1611619200000000000
1585785600000000000
1600732800000000000
1603324800000000000
1581379200000000000
1593129600000000000
1590624000000000000
1583798400000000000
1594080000000000000
1601424000000000000
1609200000000000000
1599004800000000000
1602720000000000000
1595808000000000000
1598400000000000000
1587600000000000000
1609804800000000000
1589846400000000000
1604448000000000000
1584662400000000000
1595808000000000000
1582502400000000000
1602547200000000000
1597881600000000000
1593561600000000000
1609804800000000000
1597363200000000000
1602806400000000000
1608163200000000000
1598918400000000000
1597017600000000000
1600905600000000000
1589155200000000000
1597622400000000000
1596585600000000000
1604534400000000000
1607385600000000000
1608681600000000000
1584921600000000000
1595548800000000000
1609286400000000000
1595203200000000000
1593993600000000000
1580947200000000000
1595980800000000000
1581552000000000000
1585008000000000000
1603670400000000000
1589760000000000000
1593043200000000000
1601856000000000000
1586131200000000000
1607990400000000000
1609113600000000000
1596153600000000000
1598832000000000000
1599609600000000000
1591315200000000000
1588809600000000000
1586736000000000000
1611100800000000000
1590537600000000000
1595894400000000000
1603929600000000000
1598227200000000000
1609804800000000000
1601596800000000000
1611705600000000000
1588723200000000000
1611878400000000000
1588118400000000000
1587686400000000000
1580860800000000000
1606089600000000000
1584057600000000000
1607472000000000000
1598832000000000000
1594771200000000000
1580774400000000000
1580860800000000000
1610496000000000000
1598572800000000000
1597017600000000000
1609113600000000000
1583712000000000000
1601510400000000000
1606694400000000000
1585785600000000000
1604880000000000000
1586736000000000000
1589846400000000000
1596067200000000000
1589760000000000000
1582588800000000000
1611014400000000000
1605830400000000000
1605484800000000000
1603324800000000000
1587340800000000000
1602720000000000000
1602720000000000000
1583366400000000000
1587340800000000000
1584403200000000000
1590710400000000000
1606780800000000000
1591228800000000000
1589760000000000000
1608508800000000000
1605657600000000000
1602028800000000000
1593648000000000000
1599523200000000000
1594857600000000000
1611014400000000000
1590451200000000000
1606867200000000000
1600646400000000000
1605052800000000000
1591833600000000000
1591142400000000000
1599523200000000000
1592784000000000000
1596758400000000000
1598313600000000000
1600387200000000000
1588809600000000000
1594944000000000000
1597795200000000000
1587600000000000000
1597881600000000000
1592352000000000000
1581465600000000000
1599782400000000000
1586390400000000000
1588118400000000000
1605657600000000000
1594339200000000000
1593475200000000000
1584662400000000000
1585612800000000000
1608508800000000000
1585094400000000000
1607990400000000000
1589155200000000000
1610496000000000000
1596585600000000000
1609372800000000000
1582761600000000000
1591920000000000000
1589500800000000000
1589932800000000000
1595548800000000000
1585526400000000000
1605225600000000000
1603152000000000000
1612137600000000000
1603756800000000000
1586908800000000000
1601251200000000000
1597276800000000000
1597708800000000000
1599696000000000000
1605139200000000000
1594252800000000000
1594166400000000000
1592179200000000000
1599004800000000000
1582243200000000000
1588032000000000000
1601942400000000000
1604361600000000000
1583280000000000000
1601856000000000000
1583971200000000000
1589932800000000000
1600819200000000000
1595289600000000000
1587081600000000000
1594339200000000000
1595462400000000000
1584489600000000000
1583712000000000000
1583712000000000000
1603411200000000000
1596153600000000000
1605744000000000000
1586822400000000000
1590710400000000000
1597104000000000000
1597017600000000000
1601942400000000000
1606780800000000000
1596758400000000000
1606089600000000000
1600128000000000000
1584057600000000000
1583193600000000000
1589846400000000000
1606694400000000000
1594252800000000000
1589328000000000000
1611014400000000000
1600128000000000000
1611705600000000000
1603411200000000000
1588896000000000000
1604448000000000000
1587513600000000000
1589155200000000000
1597363200000000000
1605830400000000000
1588723200000000000
1583798400000000000
1608681600000000000
1584403200000000000
1610064000000000000
1587427200000000000
1604620800000000000
1586217600000000000
1592438400000000000
1602633600000000000
1603065600000000000
1581379200000000000
1581638400000000000
1600992000000000000
1594166400000000000
1603238400000000000
1584489600000000000
1584403200000000000
1589241600000000000
1587427200000000000
1584921600000000000
1592870400000000000
1602547200000000000
1602115200000000000
1593648000000000000
1598227200000000000
1597363200000000000
1608076800000000000
1590105600000000000
1585094400000000000
1583193600000000000
1609718400000000000
1582156800000000000
1582502400000000000
1604016000000000000
1600128000000000000
1583107200000000000
1591747200000000000
1610582400000000000
1580860800000000000
1600732800000000000
1611619200000000000
1597795200000000000
1594339200000000000
1606780800000000000
1612137600000000000
1587945600000000000
1602547200000000000
1588291200000000000
1602028800000000000
1584576000000000000
1582761600000000000
1599177600000000000
1601510400000000000
1588636800000000000
1606953600000000000
1603929600000000000
1608681600000000000
1589414400000000000
1600300800000000000
1588204800000000000
1586995200000000000
1609286400000000000
1585267200000000000
1588550400000000000
1586822400000000000
1591056000000000000
1607385600000000000
1586217600000000000
1600214400000000000
1611273600000000000
1611792000000000000
1601424000000000000
1594166400000000000
1611705600000000000
1611792000000000000
1596153600000000000
1607472000000000000
1603670400000000000
1600819200000000000
1581638400000000000
1595376000000000000
1588204800000000000
1606262400000000000
1580688000000000000
1590710400000000000
1604448000000000000
1599782400000000000
1592784000000000000
1597968000000000000
1601424000000000000
1581379200000000000
1606867200000000000
1594771200000000000
1598918400000000000
1612137600000000000
1608249600000000000
1595376000000000000
1601251200000000000
1606176000000000000
1587513600000000000
1602633600000000000
1609286400000000000
1592956800000000000
1591833600000000000
1607904000000000000
1580947200000000000
1596499200000000000
1581984000000000000
1591228800000000000
1593388800000000000
1596499200000000000
1600041600000000000
1588550400000000000
1599696000000000000
1608249600000000000
1608768000000000000
1591574400000000000
1603065600000000000
1585872000000000000
1582070400000000000
1593388800000000000
1599177600000000000
1608768000000000000
1607644800000000000
1606435200000000000
1582675200000000000
1585526400000000000
1594252800000000000
1593993600000000000
1609718400000000000
1591660800000000000
1604361600000000000
1585785600000000000
1593561600000000000
1599091200000000000
1606262400000000000
1599523200000000000
1582070400000000000
1604016000000000000
1601337600000000000
1607990400000000000
1609372800000000000
1610064000000000000
1610582400000000000
1609891200000000000
1598486400000000000
1592438400000000000
1582070400000000000
1588550400000000000
1597708800000000000
1607644800000000000
1599782400000000000
1586217600000000000
1604534400000000000
1602460800000000000
1591660800000000000
1604361600000000000
1581552000000000000
1598313600000000000
1603152000000000000
1610496000000000000
1590105600000000000
1611273600000000000
1592524800000000000
1595289600000000000
1589500800000000000
1593561600000000000
1583452800000000000
1580688000000000000
1611619200000000000
1609200000000000000
1603843200000000000
1592352000000000000
1596499200000000000
1587513600000000000
1602201600000000000
1581984000000000000
1608163200000000000
1607904000000000000
1598572800000000000
1591315200000000000
1582502400000000000
1604966400000000000
1586304000000000000
1605225600000000000
1603843200000000000
1597104000000000000
1582156800000000000
1607904000000000000
1585699200000000000
1603756800000000000
1595203200000000000
1583884800000000000
1601596800000000000
1605571200000000000
1602460800000000000
1594684800000000000
1580774400000000000
1610323200000000000
1602806400000000000
1594080000000000000
1602633600000000000
1603670400000000000
1593475200000000000
1609891200000000000
1588636800000000000
1588118400000000000
1589414400000000000
1610323200000000000
1583884800000000000
1582243200000000000
1589414400000000000
1596672000000000000
1595462400000000000
1590019200000000000
1581465600000000000
1600732800000000000
1584316800000000000
1607385600000000000
1586995200000000000
1586131200000000000
1590624000000000000
1596412800000000000
1595808000000000000
1601251200000000000
1585008000000000000
1587945600000000000
1587686400000000000
1591920000000000000
1602115200000000000
1590105600000000000
1585526400000000000
1583798400000000000
1583280000000000000
1597795200000000000
1581033600000000000
1584057600000000000
1585872000000000000
1592524800000000000
1604880000000000000
1593043200000000000
1590537600000000000
1595462400000000000
1595376000000000000
1601942400000000000
1594944000000000000
1600819200000000000
1605744000000000000
1601337600000000000
1611187200000000000
1606176000000000000
1597190400000000000
1585180800000000000
1591574400000000000
1609977600000000000
1588032000000000000
1589241600000000000
1593648000000000000
1604620800000000000
1585180800000000000
1583452800000000000
1587945600000000000
1584576000000000000
1585872000000000000
1581292800000000000
1592265600000000000
